%YAML:1.0
---
image_width: 640
image_height: 360
intrinsic_left: !!opencv-matrix
   rows: 3
   cols: 3
   dt: d
   data: [ 4.5950418519103243e+02, 0., 3.1552587857724347e+02, 0.,
       4.6165225041329234e+02, 1.6762878048564338e+02, 0., 0., 1. ]
distCoeffs_left: !!opencv-matrix
   rows: 1
   cols: 5
   dt: d
   data: [ 1.8514651434481288e-02, 2.8825801393209654e-02,
       -8.4203623498717447e-04, -4.7218386746729704e-04,
       -9.0893025099765073e-02 ]
intrinsic_right: !!opencv-matrix
   rows: 3
   cols: 3
   dt: d
   data: [ 4.6142813886677465e+02, 0., 3.1513302005244617e+02, 0.,
       4.6333906137390568e+02, 1.7451428674881799e+02, 0., 0., 1. ]
distCoeffs_right: !!opencv-matrix
   rows: 1
   cols: 5
   dt: d
   data: [ 4.0286392989595875e-02, -6.3964886704552582e-02,
       8.7044092108402686e-04, 4.1185469681531570e-04,
       1.4630168118338147e-02 ]
R: !!opencv-matrix
   rows: 3
   cols: 3
   dt: d
   data: [ 9.9993097305119827e-01, -8.4542517038524116e-03,
       -8.1593358192745252e-03, 8.4895655749181714e-03,
       9.9995470408376330e-01, 4.3031450245692238e-03,
       8.1225863635268295e-03, -4.3721172080834177e-03,
       9.9995745318582718e-01 ]
T: !!opencv-matrix
   rows: 3
   cols: 1
   dt: d
   data: [ -1.5365344640558413e+02, -1.3445452577844024e+00,
       -4.6297119048185675e-01 ]
R_L: !!opencv-matrix
   rows: 3
   cols: 3
   dt: d
   data: [ 9.9998691155813779e-01, 2.8267130358522994e-04,
       -5.1085036313302228e-03, -2.7153275801780624e-04,
       9.9999758484958978e-01, 2.1809550542521137e-03,
       5.1091077869338166e-03, -2.1795393828683432e-03,
       9.9998457319385692e-01 ]
R_R: !!opencv-matrix
   rows: 3
   cols: 3
   dt: d
   data: [ 9.9995717773510340e-01, 8.7501303274709740e-03,
       3.0129578986744757e-03, -8.7435404451902468e-03,
       9.9995936881348535e-01, -2.1934499354738829e-03,
       -3.0320284514223240e-03, 2.1670120877329722e-03,
       9.9999305540692707e-01 ]
P1: !!opencv-matrix
   rows: 3
   cols: 4
   dt: d
   data: [ 4.8451428028547389e+02, 0., 3.1582380676269531e+02, 0., 0.,
       4.8451428028547389e+02, 1.7097123718261719e+02, 0., 0., 0., 1.,
       0. ]
P2: !!opencv-matrix
   rows: 3
   cols: 4
   dt: d
   data: [ 4.8451428028547389e+02, 0., 3.1582380676269531e+02,
       -7.4450477136637855e+01, 0., 4.8451428028547389e+02,
       1.7097123718261719e+02, 0., 0., 0., 1., 0. ]
Q: !!opencv-matrix
   rows: 4
   cols: 4
   dt: d
   data: [ 1., 0., 0., -3.1582380676269531e+02, 0., 1., 0.,
       -1.7097123718261719e+02, 0., 0., 0., 4.8451428028547389e+02, 0.,
       0., 6.5078734068587897e-03, 0. ]
validROIL: [ 0, 0, 640, 360 ]
validROIR: [ 0, 0, 640, 360 ]
