%YAML:1.0
---
image_width: 640
image_height: 360
intrinsic_left: !!opencv-matrix
   rows: 3
   cols: 3
   dt: d
   data: [ 4.6428915582549098e+02, 0., 3.1507754618593339e+02, 0.,
       4.6336827323031235e+02, 1.7715194944924247e+02, 0., 0., 1. ]
distCoeffs_left: !!opencv-matrix
   rows: 1
   cols: 5
   dt: d
   data: [ 2.1849659900351575e-02, -4.7097873221083650e-02,
       -1.3143938810861711e-03, -6.8539994649447211e-03,
       9.7900025202591279e-02 ]
intrinsic_right: !!opencv-matrix
   rows: 3
   cols: 3
   dt: d
   data: [ 4.6260798991576212e+02, 0., 3.0513916008766432e+02, 0.,
       4.6238814131290519e+02, 1.6898771731201589e+02, 0., 0., 1. ]
distCoeffs_right: !!opencv-matrix
   rows: 1
   cols: 5
   dt: d
   data: [ 1.6679129339512402e-02, 2.3102669915464703e-02,
       -2.4124496278770066e-04, -8.6139515097571479e-03,
       -9.5971190433237125e-02 ]
R: !!opencv-matrix
   rows: 3
   cols: 3
   dt: d
   data: [ 9.9992797122536470e-01, -8.4995163634845727e-03,
       8.4741125029798373e-03, 8.4122100319002271e-03,
       9.9991171601289075e-01, 1.0285664904875475e-02,
       -8.5607875517091508e-03, -1.0213638026827064e-02,
       9.9991119331406197e-01 ]
T: !!opencv-matrix
   rows: 3
   cols: 1
   dt: d
   data: [ -1.5163041511083665e+02, -8.9475663578948295e-01,
       4.0148262875202567e+00 ]
R_L: !!opencv-matrix
   rows: 3
   cols: 3
   dt: d
   data: [ 9.9983646383661950e-01, -2.3278424606500117e-03,
       -1.7933954727354651e-02, 2.4204938852960818e-03,
       9.9998382835236133e-01, 5.1462843981561176e-03,
       1.7921684966421415e-02, -5.1888518223067084e-03,
       9.9982592936207171e-01 ]
R_R: !!opencv-matrix
   rows: 3
   cols: 3
   dt: d
   data: [ 9.9963225802639666e-01, 5.8987347331641900e-03,
       -2.6467973885349532e-02, -6.0354491792501417e-03,
       9.9996884045271817e-01, -5.0883668156991146e-03,
       2.6437134229194949e-02, 5.2462417209066447e-03,
       9.9963671145149191e-01 ]
P1: !!opencv-matrix
   rows: 3
   cols: 4
   dt: d
   data: [ 4.7914366733938726e+02, 0., 3.1903578948974609e+02, 0., 0.,
       4.7914366733938726e+02, 1.7266383361816406e+02, 0., 0., 0., 1.,
       0. ]
P2: !!opencv-matrix
   rows: 3
   cols: 4
   dt: d
   data: [ 4.7914366733938726e+02, 0., 3.1903578948974609e+02,
       -7.2679480471989154e+04, 0., 4.7914366733938726e+02,
       1.7266383361816406e+02, 0., 0., 0., 1., 0. ]
Q: !!opencv-matrix
   rows: 4
   cols: 4
   dt: d
   data: [ 1., 0., 0., -3.1903578948974609e+02, 0., 1., 0.,
       -1.7266383361816406e+02, 0., 0., 0., 4.7914366733938726e+02, 0.,
       0., 6.5925576824128560e-03, 0. ]
validROIL: [ 0, 0, 640, 360 ]
validROIR: [ 0, 0, 640, 360 ]
