%YAML:1.0
---
image_width: 640
image_height: 360
intrinsic_left: !!opencv-matrix
   rows: 3
   cols: 3
   dt: d
   data: [ 4.6007895534922119e+02, 0., 3.1194145029912750e+02, 0.,
       4.6341353339199185e+02, 1.7462556108208020e+02, 0., 0., 1. ]
distCoeffs_left: !!opencv-matrix
   rows: 1
   cols: 5
   dt: d
   data: [ 2.1459557502629949e-02, 1.0486602019344860e-02,
       3.9478446439226234e-03, -2.4526941867891159e-03,
       -4.7970955031507820e-02 ]
intrinsic_right: !!opencv-matrix
   rows: 3
   cols: 3
   dt: d
   data: [ 4.6359333786557778e+02, 0., 3.3258193537084065e+02, 0.,
       4.6625395722188847e+02, 1.7730936276918942e+02, 0., 0., 1. ]
distCoeffs_right: !!opencv-matrix
   rows: 1
   cols: 5
   dt: d
   data: [ 3.8104817924065316e-02, -7.6495624757975375e-02,
       -1.4870328505214443e-04, -3.7350620701713834e-03,
       4.2235076041776104e-01 ]
R: !!opencv-matrix
   rows: 3
   cols: 3
   dt: d
   data: [ 9.9990780580713889e-01, -1.2353125036072912e-02,
       -5.6373919321051911e-03, 1.2457724217877258e-02,
       9.9974352237269204e-01, 1.8912815262509534e-02,
       5.4023136954762787e-03, -1.8981300684769935e-02,
       9.9980524365050716e-01 ]
T: !!opencv-matrix
   rows: 3
   cols: 1
   dt: d
   data: [ -1.5240428168929265e+02, -1.8284990425645318e+00,
       -6.4153599298853803e-01 ]
R_L: !!opencv-matrix
   rows: 3
   cols: 3
   dt: d
   data: [ 9.9999918178708957e-01, -4.3837916416709856e-04,
       -1.2017690543136056e-03, 4.4974910961746684e-04,
       9.9995498995300691e-01, 9.4771194896026301e-03,
       1.1975603909114715e-03, -9.4776522298632426e-03,
       9.9995436893756295e-01 ]
R_R: !!opencv-matrix
   rows: 3
   cols: 3
   dt: d
   data: [ 9.9991917786546214e-01, 1.1996718458975666e-02,
       4.2090952798031836e-03, -1.1956287612924346e-02,
       9.9988336573027148e-01, -9.5027428893538733e-03,
       -4.3226060860805790e-03, 9.4516497036340723e-03,
       9.9994598923867095e-01 ]
P1: !!opencv-matrix
   rows: 3
   cols: 4
   dt: d
   data: [ 5.1861324768522286e+02, 0., 3.1774421691894531e+02, 0., 0.,
       5.1861324768522286e+02, 1.7684420776367188e+02, 0., 0., 0., 1.,
       0. ]
P2: !!opencv-matrix
   rows: 3
   cols: 4
   dt: d
   data: [ 5.1861324768522286e+02, 0., 3.1774421691894531e+02,
       -7.9045268095310181e+01, 0., 5.1861324768522286e+02,
       1.7684420776367188e+02, 0., 0., 0., 1., 0. ]
Q: !!opencv-matrix
   rows: 4
   cols: 4
   dt: d
   data: [ 1., 0., 0., -3.1774421691894531e+02, 0., 1., 0.,
       -1.7684420776367188e+02, 0., 0., 0., 5.1861324768522286e+02, 0.,
       0., 6.5609651302579687e-03, 0. ]
validROIL: [ 0, 0, 640, 360 ]
validROIR: [ 0, 0, 640, 360 ]
