%YAML:1.0
---
image_width: 640
image_height: 360
intrinsic_left: !!opencv-matrix
   rows: 3
   cols: 3
   dt: d
   data: [ 4.9967469296927783e+02, 0., 3.5394926865853864e+02, 0.,
       5.0299426981190794e+02, 1.4925592092547674e+02, 0., 0., 1. ]
distCoeffs_left: !!opencv-matrix
   rows: 1
   cols: 5
   dt: d
   data: [ -3.7748288982888026e-02, 2.1125162178377765e+00,
       -1.7613944439304832e-02, 1.9173926766569545e-02,
       -1.0000643287555187e+01 ]
intrinsic_right: !!opencv-matrix
   rows: 3
   cols: 3
   dt: d
   data: [ 4.9937586753823030e+02, 0., 3.5147373606031141e+02, 0.,
       5.0239239219506419e+02, 1.4317119555593300e+02, 0., 0., 1. ]
distCoeffs_right: !!opencv-matrix
   rows: 1
   cols: 5
   dt: d
   data: [ -5.8263515732056202e-02, 7.7618103406774841e-01,
       -2.5493429882039970e-02, 1.1179793068711402e-02,
       -1.4523643218302966e+00 ]
R: !!opencv-matrix
   rows: 3
   cols: 3
   dt: d
   data: [ 9.9975264831126620e-01, 9.6967766709952997e-04,
       2.2219404128635274e-02, -1.7990380779410921e-03,
       9.9930113324903846e-01, 3.7336423893853249e-02,
       -2.2167671429444362e-02, -3.7367162220448405e-02,
       9.9905569891322221e-01 ]
T: !!opencv-matrix
   rows: 3
   cols: 1
   dt: d
   data: [ -1.5502141063137350e+02, -1.7454644276704856e+00,
       -7.4344555531544563e+00 ]
R_L: !!opencv-matrix
   rows: 3
   cols: 3
   dt: d
   data: [ 9.9745974502576062e-01, 1.0416643267506893e-02,
       7.0466663012958758e-02, -1.1728595755254288e-02,
       9.9976502616211282e-01, 1.8229989157419354e-02,
       -7.0260209896884154e-02, -1.9010155341482617e-02,
       9.9734754067934550e-01 ]
R_R: !!opencv-matrix
   rows: 3
   cols: 3
   dt: d
   data: [ 9.9878884972280846e-01, 1.1245868559992975e-02,
       4.7899520975897281e-02, -1.0351185352721875e-02,
       9.9976806641968030e-01, -1.8885611699051327e-02,
       -4.8100796575344336e-02, 1.8366921565278988e-02,
       9.9867360511882586e-01 ]
P1: !!opencv-matrix
   rows: 3
   cols: 4
   dt: d
   data: [ 5.4946464067218074e+02, 0., 3.0896805572509766e+02, 0., 0.,
       5.4946464067218074e+02, 1.4098707199096680e+02, 0., 0., 0., 1.,
       0. ]
P2: !!opencv-matrix
   rows: 3
   cols: 4
   dt: d
   data: [ 5.4946464067218074e+02, 0., 3.0896805572509766e+02,
       -8.5282073095531305e+04, 0., 5.4946464067218074e+02,
       1.4098707199096680e+02, 0., 0., 0., 1., 0. ]
Q: !!opencv-matrix
   rows: 4
   cols: 4
   dt: d
   data: [ 1., 0., 0., -3.0896805572509766e+02, 0., 1., 0.,
       -1.4098707199096680e+02, 0., 0., 0., 5.4946464067218074e+02, 0.,
       0., 6.4429090514331313e-03, 0. ]
validROIL: [ 0, 0, 640, 360 ]
validROIR: [ 0, 0, 640, 360 ]
