%YAML:1.0
---
image_width: 640
image_height: 360
intrinsic_left: !!opencv-matrix
   rows: 3
   cols: 3
   dt: d
   data: [ 4.5943601750476580e+02, 0., 3.3987083740516806e+02, 0.,
       4.6195606126986166e+02, 1.7582207144376639e+02, 0., 0., 1. ]
distCoeffs_left: !!opencv-matrix
   rows: 1
   cols: 5
   dt: d
   data: [ 7.5160093616405393e-03, 1.2016612313385680e-01,
       -1.1512111025795070e-03, 7.8698627474075699e-04,
       -4.8673088455969138e-01 ]
intrinsic_right: !!opencv-matrix
   rows: 3
   cols: 3
   dt: d
   data: [ 4.5642480430721355e+02, 0., 3.1247031812563341e+02, 0.,
       4.5909285116502025e+02, 1.7217700084094656e+02, 0., 0., 1. ]
distCoeffs_right: !!opencv-matrix
   rows: 1
   cols: 5
   dt: d
   data: [ 6.7034838121877039e-03, 7.1180425708113795e-02,
       7.4454038006041296e-05, -3.1724561545834725e-03,
       -2.1888546025934855e-01 ]
R: !!opencv-matrix
   rows: 3
   cols: 3
   dt: d
   data: [ 9.9952061340828802e-01, -1.1833606736398657e-03,
       3.0937728252665320e-02, 1.3559263517727805e-03,
       9.9998363794588974e-01, -5.5574548340375273e-03,
       -3.0930645574385473e-02, 5.5967399457078166e-03,
       9.9950586374784811e-01 ]
T: !!opencv-matrix
   rows: 3
   cols: 1
   dt: d
   data: [ -1.5169516532975101e+02, -6.6470877108862692e-01,
       1.8232672517696655e-01 ]
R_L: !!opencv-matrix
   rows: 3
   cols: 3
   dt: d
   data: [ 9.9955341327164060e-01, 3.1916796286299790e-03,
       2.9711735024412923e-02, -3.1077946800170514e-03,
       9.9999105505705510e-01, -2.8690448070190001e-03,
       -2.9720626326502523e-02, 2.7754255576421692e-03,
       9.9955439140835878e-01 ]
R_R: !!opencv-matrix
   rows: 3
   cols: 3
   dt: d
   data: [ 9.9998967744356326e-01, 4.3818265938155281e-03,
       -1.2019159786766116e-03, -4.3784166620480331e-03,
       9.9998642379553171e-01, 2.8251888709828563e-03,
       1.2142791489469559e-03, -2.8198972188638732e-03,
       9.9999528684180494e-01 ]
P1: !!opencv-matrix
   rows: 3
   cols: 4
   dt: d
   data: [ 4.8180774717175194e+02, 0., 3.0439346313476562e+02, 0., 0.,
       4.8180774717175194e+02, 1.7243159103393555e+02, 0., 0., 0., 1.,
       0. ]
P2: !!opencv-matrix
   rows: 3
   cols: 4
   dt: d
   data: [ 4.8180774717175194e+02, 0., 3.0439346313476562e+02,
       -7.3088660326194877e+01, 0., 4.8180774717175194e+02,
       1.7243159103393555e+02, 0., 0., 0., 1., 0. ]
Q: !!opencv-matrix
   rows: 4
   cols: 4
   dt: d
   data: [ 1., 0., 0., -3.0439346313476562e+02, 0., 1., 0.,
       -1.7243159103393555e+02, 0., 0., 0., 4.8180774717175194e+02, 0.,
       0., 6.5920998554555897e-03, 0. ]
validROIL: [ 0, 0, 640, 360 ]
validROIR: [ 0, 0, 640, 360 ]
