%YAML:1.0
---
image_width: 640
image_height: 360
intrinsic_left: !!opencv-matrix
   rows: 3
   cols: 3
   dt: d
   data: [ 4.6142784085409778e+02, 0., 3.1513703127874379e+02, 0.,
       4.6333828474369272e+02, 1.7451408511726282e+02, 0., 0., 1. ]
distCoeffs_left: !!opencv-matrix
   rows: 1
   cols: 5
   dt: d
   data: [ 4.0281074241543362e-02, -6.3947849267422863e-02,
       8.7029598626505627e-04, 4.1430671427512193e-04,
       1.4615569556052347e-02 ]
intrinsic_right: !!opencv-matrix
   rows: 3
   cols: 3
   dt: d
   data: [ 4.5950308127034504e+02, 0., 3.1552892790105398e+02, 0.,
       4.6165109687577859e+02, 1.6762848714811534e+02, 0., 0., 1. ]
distCoeffs_right: !!opencv-matrix
   rows: 1
   cols: 5
   dt: d
   data: [ 1.8523333309244178e-02, 2.8778721691207432e-02,
       -8.4226576889831982e-04, -4.7053057944523060e-04,
       -9.0815758046247738e-02 ]
R: !!opencv-matrix
   rows: 3
   cols: 3
   dt: d
   data: [ 9.9993095656195252e-01, 8.4895385919966995e-03,
       8.1246442133497011e-03, -8.4542169843838388e-03,
       9.9995470497722805e-01, -4.3719799960280454e-03,
       -8.1613923003047654e-03, 4.3029906343974586e-03,
       9.9995743706785878e-01 ]
T: !!opencv-matrix
   rows: 3
   cols: 1
   dt: d
   data: [ 1.5365800426623730e+02, 4.3432201523823342e-02,
       -7.8465373908672986e-01 ]
R_L: !!opencv-matrix
   rows: 3
   cols: 3
   dt: d
   data: [ 9.9995716559569170e-01, 8.7500931468966949e-03,
       3.0170919361046490e-03, -8.7434944857696564e-03,
       9.9995936934521146e-01, -2.1933907322057599e-03,
       -3.0361617228980924e-03, 2.1669168529138941e-03,
       9.9999304307247294e-01 ]
R_R: !!opencv-matrix
   rows: 3
   cols: 3
   dt: d
   data: [ 9.9998692216707286e-01, 2.8265129260747853e-04,
       -5.1064276232355606e-03, -2.7151766769039249e-04,
       9.9999758502279512e-01, 2.1808775145767292e-03,
       5.1070317191777423e-03, -2.1794625081065135e-03,
       9.9998458396627043e-01 ]
P1: !!opencv-matrix
   rows: 3
   cols: 4
   dt: d
   data: [ 4.8451340754459630e+02, 0., 3.1582705307006836e+02, 0., 0.,
       4.8451340754459630e+02, 1.7097102737426758e+02, 0., 0., 0., 1.,
       0. ]
P2: !!opencv-matrix
   rows: 3
   cols: 4
   dt: d
   data: [ 4.8451340754459630e+02, 0., 3.1582705307006836e+02,
       7.4450336892603998e+04, 0., 4.8451340754459630e+02,
       1.7097102737426758e+02, 0., 0., 0., 1., 0. ]
Q: !!opencv-matrix
   rows: 4
   cols: 4
   dt: d
   data: [ 1., 0., 0., -3.1582705307006836e+02, 0., 1., 0.,
       -1.7097102737426758e+02, 0., 0., 0., 4.8451340754459630e+02, 0.,
       0., -6.5078739434519424e-03, 0. ]
validROIL: [ 0, 0, 640, 360 ]
validROIR: [ 0, 0, 640, 360 ]
