image_width: 640
image_height: 360
camera_name: left
camera_matrix:
  rows: 3
  cols: 3
  data: [463.19424581582541, 0.0, 316.76090391833770,
         0.0, 460.57998988141065, 173.97831981553443,
         0.0, 0.0, 1.0]
distortion_model: plumb_bob
distortion_coefficients:
  rows: 1
  cols: 5
  data: [0.03125761188507422, 0.013395280591618429, 0.0008782486009840031, 0.0008656763106415867, -0.11465468683643715]
rectification_matrix:
  rows: 3
  cols: 3
  data: [0.9998576317658485, -0.0046288074078050315, 0.016226223885127539,
         0.004592741137477611, 0.99998690111734223, 0.0022592747904558296,
         -0.016236469087611227, -0.0021844302955502785, 0.99986579366225492]
projection_matrix:
  rows: 3
  cols: 4
  data: [480.90766123277677, 0.0, 316.08622360229492, 0.0,
         0.0, 480.90766123277677, 175.40640449523926, 0.0,
         0.0, 0.0, 1.0, 0.0]
