image_width: 640
image_height: 360
camera_name: right
camera_matrix:
  rows: 3
  cols: 3
  data: [463.86409664026093, 0.0, 328.20581726567229,
         0.0, 461.11156523537466, 176.89988006188253,
         0.0, 0.0, 1.0]
distortion_model: plumb_bob
distortion_coefficients:
  rows: 1
  cols: 5
  data: [0.025918770579236791, 0.009211151730016885, -0.0004626624563517979, 0.002397776100469717, -0.07548611048276718]
rectification_matrix:
  rows: 3
  cols: 3
  data: [0.9999769981720634, -0.0018684359965105164, 0.006520128351181719,
         0.0018829187469448024, 0.99999577240167037, -0.0022158058982944167,
         -0.006515960695196349, 0.0022280318026133535, 0.9999762887841418]
projection_matrix:
  rows: 3
  cols: 4
  data: [480.90766123277677, 0.0, 316.08622360229492, -72867.630625602847,
         0.0, 480.90766123277677, 175.40640449523926, 0.0,
         0.0, 0.0, 1.0, 0.0]
