%YAML:1.0
---
image_width: 640
image_height: 360
intrinsic_left: !!opencv-matrix
   rows: 3
   cols: 3
   dt: d
   data: [ 5.0030569014093834e+02, 0., 3.5962599828962180e+02, 0.,
       5.0300664480845961e+02, 1.4614037503136606e+02, 0., 0., 1. ]
distCoeffs_left: !!opencv-matrix
   rows: 1
   cols: 5
   dt: d
   data: [ -2.2502320728992317e-02, 2.5962178706760510e+00,
       -2.0248371316846630e-02, 2.5258156850558364e-02,
       -1.2857113688023144e+01 ]
intrinsic_right: !!opencv-matrix
   rows: 3
   cols: 3
   dt: d
   data: [ 5.0027972719459211e+02, 0., 3.5336975390695341e+02, 0.,
       5.0232548845801551e+02, 1.4441977211727814e+02, 0., 0., 1. ]
distCoeffs_right: !!opencv-matrix
   rows: 1
   cols: 5
   dt: d
   data: [ -6.3653948958332734e-02, 1.0877949758089849e+00,
       -2.7221315882234941e-02, 1.7031597470935193e-02,
       -2.3899351307636278e+00 ]
R: !!opencv-matrix
   rows: 3
   cols: 3
   dt: d
   data: [ 9.9956686481897217e-01, 1.3035878062285244e-03,
       2.9400398208224540e-02, -2.1365152657715995e-03,
       9.9959671326194288e-01, 2.8316887866435728e-02,
       -2.9351627867800541e-02, -2.8367437225675189e-02,
       9.9916653789383758e-01 ]
T: !!opencv-matrix
   rows: 3
   cols: 1
   dt: d
   data: [ -1.5489227864839432e+02, -1.3329574961069675e+00,
       -9.5325929063930186e+00 ]
R_L: !!opencv-matrix
   rows: 3
   cols: 3
   dt: d
   data: [ 9.9582117939252501e-01, 8.1442860645236943e-03,
       9.0960701832052321e-02, -9.4305012028538561e-03,
       9.9986141086087088e-01, 1.3719501389331581e-02,
       -9.0836360122713469e-02, -1.4519975062241166e-02,
       9.9575997409207440e-01 ]
R_R: !!opencv-matrix
   rows: 3
   cols: 3
   dt: d
   data: [ 9.9807475185288352e-01, 8.5891384242426198e-03,
       6.1424884329839120e-02, -7.7196505738269094e-03,
       9.9986682200618449e-01, -1.4378638540248954e-02,
       -6.1540204003748045e-02, 1.3876777449477188e-02,
       9.9800813540711919e-01 ]
P1: !!opencv-matrix
   rows: 3
   cols: 4
   dt: d
   data: [ 5.6762301439041801e+02, 0., 3.0426186752319336e+02, 0., 0.,
       5.6762301439041801e+02, 1.4386499023437500e+02, 0., 0., 0., 1.,
       0. ]
P2: !!opencv-matrix
   rows: 3
   cols: 4
   dt: d
   data: [ 5.6762301439041801e+02, 0., 3.0426186752319336e+02,
       -8.8090017254701233e+04, 0., 5.6762301439041801e+02,
       1.4386499023437500e+02, 0., 0., 0., 1., 0. ]
Q: !!opencv-matrix
   rows: 4
   cols: 4
   dt: d
   data: [ 1., 0., 0., -3.0426186752319336e+02, 0., 1., 0.,
       -1.4386499023437500e+02, 0., 0., 0., 5.6762301439041801e+02, 0.,
       0., 6.4436701465185008e-03, 0. ]
validROIL: [ 0, 0, 640, 360 ]
validROIR: [ 0, 0, 640, 360 ]
