%YAML:1.0
---
image_width: 1280
image_height: 720
intrinsic_left: !!opencv-matrix
   rows: 3
   cols: 3
   dt: d
   data: [ 9.1904689229167150e+02, 0., 6.0981691176937670e+02, 0.,
       9.1955109998856574e+02, 3.4519585532888067e+02, 0., 0., 1. ]
distCoeffs_left: !!opencv-matrix
   rows: 1
   cols: 5
   dt: d
   data: [ 2.6572412331058785e-02, 3.4749790699207095e-01,
       1.1016641226109319e-03, -1.0126404467226220e-02,
       -1.6191608893732556e+00 ]
intrinsic_right: !!opencv-matrix
   rows: 3
   cols: 3
   dt: d
   data: [ 9.2049283833941502e+02, 0., 6.1319321845666536e+02, 0.,
       9.2074584284614184e+02, 3.6274817036573495e+02, 0., 0., 1. ]
distCoeffs_right: !!opencv-matrix
   rows: 1
   cols: 5
   dt: d
   data: [ 1.0474018273478207e-01, -3.6599038616995516e-01,
       2.4781529122321982e-03, -1.1504067511955948e-02,
       6.0227627649898496e-01 ]
R: !!opencv-matrix
   rows: 3
   cols: 3
   dt: d
   data: [ 9.9980927567149402e-01, -1.2665625092625874e-02,
       1.4865874419472286e-02, 1.2552075147937951e-02,
       9.9989151859506464e-01, 7.7069093115271691e-03,
       -1.4961874572492347e-02, -7.5188418435708287e-03,
       9.9985979483456000e-01 ]
T: !!opencv-matrix
   rows: 3
   cols: 1
   dt: d
   data: [ -1.5246835766748069e+02, -2.3563291516694234e+00,
       4.0546561135487025e+00 ]
R_L: !!opencv-matrix
   rows: 3
   cols: 3
   dt: d
   data: [ 9.9992826888837560e-01, 2.9857834996654623e-03,
       -1.1599231646510888e-02, -2.9413101624282470e-03,
       9.9998826560305831e-01, 3.8493312037156135e-03,
       1.1610588806115325e-02, -3.8149381489911028e-03,
       9.9992531744850555e-01 ]
R_R: !!opencv-matrix
   rows: 3
   cols: 3
   dt: d
   data: [ 9.9952730870530393e-01, 1.5447240144925392e-02,
       -2.6580856348826232e-02, -1.5549001977900118e-02,
       9.9987253237139162e-01, -3.6259545931681793e-03,
       2.6521457158745796e-02, 4.0375464239392192e-03,
       9.9964009049710045e-01 ]
P1: !!opencv-matrix
   rows: 3
   cols: 4
   dt: d
   data: [ 1.0565497628314299e+03, 0., 6.3417510986328125e+02, 0., 0.,
       1.0565497628314299e+03, 3.5469492721557617e+02, 0., 0., 0., 1.,
       0. ]
P2: !!opencv-matrix
   rows: 3
   cols: 4
   dt: d
   data: [ 1.0565497628314299e+03, 0., 6.3417510986328125e+02,
       -1.6116658917657397e+05, 0., 1.0565497628314299e+03,
       3.5469492721557617e+02, 0., 0., 0., 1., 0. ]
Q: !!opencv-matrix
   rows: 4
   cols: 4
   dt: d
   data: [ 1., 0., 0., -6.3417510986328125e+02, 0., 1., 0.,
       -3.5469492721557617e+02, 0., 0., 0., 1.0565497628314299e+03, 0.,
       0., 6.5556376680148947e-03, 0. ]
validROIL: [ 0, 0, 1280, 720 ]
validROIR: [ 0, 0, 1280, 720 ]
