%YAML:1.0
---
image_width: 640
image_height: 360
intrinsic_left: !!opencv-matrix
   rows: 3
   cols: 3
   dt: d
   data: [ 4.5994111959831491e+02, 0., 3.1968017969173616e+02, 0.,
       4.6071189666724393e+02, 1.6952072001304228e+02, 0., 0., 1. ]
distCoeffs_left: !!opencv-matrix
   rows: 1
   cols: 5
   dt: d
   data: [ 2.4456384888691503e-02, 6.3272682032911049e-03,
       1.2353443176886408e-03, 2.7885416063512043e-03,
       -6.7223815497037362e-02 ]
intrinsic_right: !!opencv-matrix
   rows: 3
   cols: 3
   dt: d
   data: [ 4.6117706330496259e+02, 0., 3.2646445554491856e+02, 0.,
       4.6285464514765590e+02, 1.7672171049891702e+02, 0., 0., 1. ]
distCoeffs_right: !!opencv-matrix
   rows: 1
   cols: 5
   dt: d
   data: [ 2.2174532026755435e-02, 4.3907231654150537e-02,
       1.0307744836068316e-03, 1.4173862610435352e-03,
       -1.5113864011129635e-01 ]
R: !!opencv-matrix
   rows: 3
   cols: 3
   dt: d
   data: [ 9.9992341324203426e-01, 1.2262436403407295e-02,
       1.6734108438244074e-03, -1.2257244628777877e-02,
       9.9992013888738562e-01, -3.0782789902413696e-03,
       -1.7110244037223464e-03, 3.0575318287561835e-03,
       9.9999386192846507e-01 ]
T: !!opencv-matrix
   rows: 3
   cols: 1
   dt: d
   data: [ 1.5210073585364751e+02, -3.2388782244039258e+00,
       4.9713661032944401e-01 ]
R_L: !!opencv-matrix
   rows: 3
   cols: 3
   dt: d
   data: [ 9.9994680449520312e-01, -9.0180739010381778e-03,
       5.0062483905093510e-03, 9.0256473078970546e-03,
       9.9995815454264891e-01, -1.4922648335214789e-03,
       -4.9925815472071974e-03, 1.5373700840488468e-03,
       9.9998635521826951e-01 ]
R_R: !!opencv-matrix
   rows: 3
   cols: 3
   dt: d
   data: [ 9.9976801576395979e-01, -2.1289356935318641e-02,
       3.2677112288976486e-03, 2.1284382166817661e-02,
       9.9977226081235848e-01, 1.5497051082403244e-03,
       -3.2999592681907238e-03, -1.4797943864780299e-03,
       9.9999346021731661e-01 ]
P1: !!opencv-matrix
   rows: 3
   cols: 4
   dt: d
   data: [ 4.8630982011986811e+02, 0., 3.2247315216064453e+02, 0., 0.,
       4.8630982011986811e+02, 1.7357798004150391e+02, 0., 0., 0., 1.,
       0. ]
P2: !!opencv-matrix
   rows: 3
   cols: 4
   dt: d
   data: [ 4.8630982011986811e+02, 0., 3.2247315216064453e+02,
       7.3985244903604122e+04, 0., 4.8630982011986811e+02,
       1.7357798004150391e+02, 0., 0., 0., 1., 0. ]
Q: !!opencv-matrix
   rows: 4
   cols: 4
   dt: d
   data: [ 1., 0., 0., -3.2247315216064453e+02, 0., 1., 0.,
       -1.7357798004150391e+02, 0., 0., 0., 4.8630982011986811e+02, 0.,
       0., -6.5730649503625282e-03, 0. ]
validROIL: [ 0, 0, 640, 360 ]
validROIR: [ 0, 0, 640, 360 ]
